-71
-12
53
26
23
59
18
84
-68
-75
54
55
76
5
-92
14
-52
-62
68
-23
9
93
36
14
7
-71
-68
66
41
-54
-75
-60
-11
88
95
-23
64
20
34
-8
87
-86
-14
-67
29
82
-47
-84
39
-81
-19
47
7
34
-13
59
17
70
-55
-8
67
-54
47
-7
3
-47
-59
82
-34
-78
21
-75
2
39
52
47
-54
44
64
-100
-41
89
-66
-11
70
-14
-88
-78
-17
51
64
-22
17
17
-28
76
-99
-31
-67
-51
3
38
34
18
52
10
50
77
-6
-79
3
95
82
-57
-71
92
-97
70
55
-12
-51
26
-41
-97
4
-34
31
17
-42
87
-35
62
1
-98
60
-27
57
83
-19
-59
3
-3
16
100
22
-63
-38
71
73
-39
90
34
98
-57
50
26
-5
72
13
-7
-49
62
-24
29
88
-47
68
37
-21
-70
71
-32
-33
-34
-29
-95
-34
61
-29
-39
47
-15
-100
70
30
-98
-60
36
43
-63
-36
34
-26
-71
68
-90
30
39
48
-63
96
-20
36
54
46
-88
54
-78
59
-59
36
68
-96
-40
32
-82
-31
97
9
-53
-43
30
14
54
51
67
22
-97
25
-51
-91
-67
88
-36
39
71
41
-3
-64
50
50
60
27
-90
-14
-86
-36
-25
-50
-47
-33
92
4
46
90
-49
21
28
-64
69
19
-81
17
5
-13
74
61
-48
97
93
-34
-75
-39
62
50
-7
-30
-31
44
-63
-21
8
-43
25
-73
-50
-91
64
98
35
-57
64
42
33
-79
98
-67
-65
-91
65
-25
-20
-58
-8
2
-46
-22
-6
6
-73
10
-20
67
-40
58
7
-50
46
4
-66
-11
-22
44
-76
-48
-78
65
-85
74
70
24
-69
4
79
16
-85
73
-9
-3
94
-82
98
-58
40
-96
42
63
-87
-72
-78
19
-88
-100
-6
41
-31
46
-96
1
-52
-52
-56
-24
-88
78
-67
88
-58
-36
54
-13
45
-15
81
15
17
-39
63
84
-97
-88
-77
53
-9
42
9
-64
-94
14
-13
-71
-46
-12
-80
17
-85
39
88
-19
-99
-51
-65
-81
19
97
-69
87
8
68
-11
-98
-30
85
-67
-52
19
-92
91
21
50
77
94
-45
-34
-16
27
76
-35
-64
-21
87
-8
42
85
11
-57
-32
-60
-28
-77
95
-58
-68
2
-61
-92
14
38
-70
-2
-76
-35
-70
-24
-47
-10
-36
-100
40
-71
-78
-78
-12
-54
-26
16
48
-54
35
-35
-85
12
-19
-51
2
-86
37
-72
-17
27
76
-36
97
43
29
-84
-65
55
-86
-92
-46
1
33
-10
-64
-28
-29
45
53
65
-75
-73
29
-86
39
-73
93
26
80
37
-94
-8
-75
63
-79
26
-82
-6
54
13
-77
-49
56
6
45
-85
19
58
99
-48
35
78
-58
-16
-83
-18
-80
55
-39
78
-15
90
-61
66
0
-62
-37
41
5
-46
-76
-97
43
-97
-41
30
75
97
-85
-93
-71
-12
15
-11
-36
-34
41
-12
37
87
-72
88
-89
-75
-57
-83
-65
-2
-27
46
85
97
-78
-58
-15
66
45
17
29
88
66
-25
-32
-93
92
69
35
-59
91
87
89
54
-41
49
-9
-70
98
34
63
81
41
85
31
72
-93
-47
73
8
70
-83
-5
98
63
76
-82
-20
22
-15
-84
-16
-66
-46
-40
-90
99
-68
77
77
-3
-73
71
-27
-93
-63
-89
44
89
70
-91
32
-66
-90
-12
31
-79
-83
-57
-81
52
75
-38
-4
-80
-23
-76
-98
-3
87
13
2
72
-25
-55
-3
-80
7
29
2
-2
-64
-50
60
-100
-23
6
84
49
68
50
-55
70
91
-79
92
-52
-89
-52
38
61
-52
60
83
-14
-45
25
45
-19
-75
39
46
-14
-3
-15
-100
92
-34
-93
38
2
94
23
-46
60
-89
56
23
23
9
-19
71
-31
59
-55
-53
52
-91
22
-57
34
-31
92
25
-77
36
6
-97
-28
-38
30
-58
-64
-69
91
-37
-33
43
-63
-9
13
-100
-10
27
40
60
-5
-85
-75
61
-23
3
39
-52
84
50
-68
-63
-33
-91
-98
-62
-34
30
39
49
-60
-52
-61
21
-100
57
-33
-86
49
84
-52
-3
-82
-11
-43
-30
91
55
92
-72
-84
-31
95
90
82
55
-92
63
-81
-80
-70
-1
10
-21
-25
-89
23
26
-89
45
-76
-10
-71
46
-29
-99
18
52
-44
-79
-54
-43
-44
57
-2
-85
54
66
-12
-43
-54
40
51
43
-95
71
-44
-3
38
-19
59
45
-3
-89
-66
72
-72
52
-99
47
33
87
22
63
96
67
28
-73
-34
37
-31
44
-30
-49
92
-26
-29
-70
72
-42
-84
22
88
-34
-84
-52
-23
-34
35
-10
-54
-75
-95
86
61
10
-60
68
-25
-55
43
-75
-38
-28
-29
-40
59
31
-83
-45
45
13
89
-61
-97
-72
0
4
55
-44
93
-17
4
-98
86
-83
9
39
-58
-52
-53
-44
-70
-20
53
2
-94
67
85
57
92
-53
-25
36
23
-20
62
-50
58
48
71
53
-38
75
52
-71
20
-57
-38
18
83
-19
-97
-9
20
-82
61
-11
52
67
-73
9
-89
-86
1
43
-43
-63
78
-80
72
-78
-24
0
-22
-56
-16
-29
-54
73
-25
51
-21
38
-87
38