59
46
86
81
65
60
61
85
58
19
48
66
88
5
47
12
23
21
9
91
95
76
88
53
46
100
92
57
60
70
100
38
6
70
81
12
45
53
61
17
57
94
13
43
60
24
18
92
11
74
45
83
82
10
7
82
21
51
10
24
99
1
6
45
8
5
57
31
92
41
44
82
44
76
74
45
18
1
70
97
51
19
34
12
1
76
42
53
2
21
83
13
17
63
58
31
62
91
55
66
29
95
23
98
53
93
93
44
68
75
62
26
31
80
73
82
30
4
48
3
76
5
26
41
27
96
4
83
20
16
6
6
21
54
21
5
71
42
35
74
80
49
46
56
91
4
78
29
89
55
96
68
77
95
42
99
54
48
45
55
96
64
42
52
83
72
46
13
72
5
63
38
76
40
70
7
51
37
55
25
4
70
47
63
28
80
27
22
90
12
56
68
68
50
28
37
32
98
27
53
21
5
28
93
72
81
11
65
50
25
93
65
68
31
53
85
95
44
34
53
32
97
36
38
51
9
98
68
52
46
81
55
24
69
71
18
30
26
29
67
83
78
77
62
52
24
35
43
85
27
64
32
91
96
79
29
3
16
59
86
85
29
94
13
66
72
80
61
75
1
56
19
33
39
2
45
66
4
78
46
59
15
100
60
76
95
86
100
16
12
80
14
22
5
60
74
88
14
76
79
5
49
50
3
8
51
94
68
88
78
78
76
1
46
55
47
25
28
93
18
28
18
55
36
27
88
49
61
86
32
42
3
11
70
92
84
91
35
55
88
66
27
17
86
35
44
51
30
75
55
6
12
79
59
9
61
8
87
53
2
89
66
25
85
36
13
3
59
15
62
23
66
60
21
61
77
15
97
67
13
15
20
97
89
100
30
90
2
89
55
7
59
16
93
97
28
100
30
96
37
13
67
15
99
79
55
45
84
71
61
36
39
73
52
88
63
13
48
40
3
57
99
28
63
33
22
83
92
4
41
54
14
31
86
38
1
94
66
64
48
46
75
53
38
77
89
77
36
91
98
20
30
97
63
25
35
67
15
52
11
53
51
24
91
72
52
57
91
88
79
15
1
3
55
71
24
61
59
79
76
43
30
84
39
75
57
55
23
13
9
47
27
18
2
99
98
77
88
82
84